$ANSIBLE_VAULT;1.1;AES256
30646430396562323635303636356666613235313533356262393037326631303537613361303062
6463373339323630386631636432646665356536633030610a386361643461646665663261303938
33333764396130333161366238303130623738306434346562623563393263623531636665643337
6264373761363061350a383430636234373834303363373532326564356333636564633164643865
32323930643264363936333035316265303134353835376239666137646137663031323264316533
38343133333666303730356433383865316332343531396638333739646533613039613333653132
31666332343935663136363036353136306131353831343562646131383866383933613831666265
34623339633364623865393135336561346336393364633464323834616137386639323538303862
36636363353038616266653738613264393635366134326466366630376364353830396533323430
33396234373661656138343838653136636261333331343132646533363138333932626566663463
30616133333165346631653131326230636562646662343837623731626430366533663033643233
32353238383237623438383631333632396635633237623961353465343430386531313237653564
31656162323731326135383330323139356231616539306161393865386530363265343034396361
35336535323331306637356535326236316561666332666538613564396562626363303232383132
38613466356630346531316363656564666666613435303632643266663334663934626634323262
33333237343537313264356330613066383935616634303732363636636264353335303163313733
37626264353766613834646130393034653730396532313735613466343237373835626439666431
37353935643565326134306561666336613036613061653863646133646262396436663333626531
65656265326263646466373863343439326262336535646462363162303166626665656439333739
38353933396266303565346538383863633030663538393264653161643838343733393039646137
61613035326632343738346362656531333339623838656261353330643433646265316338633531
35613966356665363066623930306239363934633863386439323134653035343637323665376635
39633839653164303832396535383763393036626633303239636464376131373631363261646162
36393932613462623838383863653262336232663239383734626362343735343439373135323832
64383830363532643265383938353038356330653637633661316534323230333437373034353063
66636236653939613432356563646665323938313833336464643063386436363633633865646237
61666438656635383031333966623231313364643063643432613135616462633062336130396439
37653563373964336564376362373436376432353362646364653235383136386334373030303762
66633330386234363037663538326130393164323331396162383136343933646666393363373032
37643162376633383466656238613331613633663237333464623532313534396432623132343032
32356363663535316462303265353562616466316635393432363864663763636131633663636266
30396231646432376233656436386339643239343934346638616533306139383637623530316635
34393733656237626536623561383037373330623463613134346534376632623433323933653435
66633037356163373438393461363265656135356239346665666466353863616362646436373933
38326462633037303136366366343537613631316164383035656461333664343238316239663738
31376638333661366562393764346431666461393136666133303866386239323238636431663161
64666166396266663730343561306636663931366661626165353131316631303761333934303163
33653038616339366562313038366330373061303036376663653364656636313562663861653933
31303735626266346130333530393366366666326539343966373033636563613564653633666232
63303836643533353531366531396633333032303065623339313364626135663237333839336430
62613631643261656432393265663034333332383737396639336533373934633935643839623535
34663761613937313362306238633932386132616639623032343236616663363033393838333261
36636364323531376639373632663962653561663737353833653765653331363137393963656139
63396432343935633162646538383930313833613330353230636434373537303162363830643464
63363364373230636363346365323361356436343862646634343564623132343334333036333066
30323539306231393038353035323936373962353336363830323934373132666364653235303936
63376331373930643564663962393233366435383162653036303336353366343333636365393934
63333533373038653234656666356637613964393863363936626133656632393261363163373361
62366435313731356636386164616334643835643266353831343336326562396263363262313739
30623438313436346538373138666634306161333964363731353265306461363432316661633064
65373736613963396566333737623137633832653164636335366165346537373061373232366264
36316530333764653963356662383338646534386438636133396534366232353339616665396466
38613339393731383465373862386262373636343136663064636430613465666462313934393239
39303963623062663532633834356265626237366639346337333038393136343033363361323663
32393839336133633934393936656630333931313665373362613764323431383639313536326664
34613963303565356332643038386263353630333632363537303732303030316365336261353332
36303331396664343932383734666237353337306230343137616436363766313931353864643363
65643335393464393032666139393739656266633034363831393662643262343666383939336537
32396637313736386432376461626231313832303833643534316261613463323038346665663337
32633032313238626364333934383264376532343032646234643930303431323630373039326266
64373931653664313532393633633966353734633630376231366339643738366166616538633364
62626531376135393336326237623230333131663135636137336564303131323762356563313664
35613033363030353062326135343637613161666361383733316438613337616365636265616634
35663131373133306136623532366661323330653832393864626331383738313262653932313931
36393664346537366634373564396635613239346365643034626239333937623035373063386232
34643837626363393338366366396265613039613865643631653061353566346537653965623338
63613463353434356330373736383434653938366366383465323131643436333232633730316138
65386161623532643862643364646237356163323866623531623734376436643164353865323065
33323732633065613633633739373337633031383762396362343639313936353665316362666532
62666262343133633865383938326566346366636632346134356562316664303763643436653931
30646636386632636430393663343632666432316339313531363338376639343562346430383962
34616636656137316664396337373837386534306633633539333536323033323031626662386665
35386361383933626637623537356563633539663565656239353330363232626264666334653831
63383266303032396263643639306237616637323862633261643066646430646230643339313638
65643261333362363338386239343033643639316662363062643736373832333266386433393533
34396161353239383834343361363865666365323465346564313331663333373530323038616134
61626531323935393736383237636563313764663065303062646364343630636630306338363362
33383064646334333434323931353564323336346337356239333765643363303862643663656431
64323438363936316635376330323734666433626131356538393561363763666537303136396663
65396634366632366233333761393533363366373765653664303133306638313030373733353561
63636362373561303861336466346262646136363336643839636666623661376439393464663366
32353764316365393965333365613335616461663138633364346665396263666533653133633266
34616534333632633964616161326339333536393265643631646430346239663230346532393238
64306233643061303732623730326339646561396164383934393266346539323664633835383033
63656139373563316163376330363863613137356535363962343234303538383735646435323832
61393138313630316131386166393861383063616237313232613063636435373237623763383731
37353263343037343236663830363862356564623335313866636266666662353532396663396639
65643630353838616239
